,2,3,4,5,6,7,8,9,11,12,13,14,15,16,17,18,19,20,22,24,25,28,29,30,31,32,33,34,35,36,37,38,39,40,41,42,44,46,47,48,49,50,51,52,53,54,55,56,57,58
2,0.7142857142857142,-0.20575053814740285,-0.2952384971607995,-0.4351896828649255,0.14285714285714285,-0.2737580471643856,-0.16299933178050705,-0.12822616189835934,-0.7142857142857142,0.6718969147985797,-0.4991497841325729,0.6827319625227362,0.0,-0.6405693594927396,-0.5714285714285714,-0.18704390591656486,0.0,-0.08239470269935117,0.0,0.0,0.000950441194807168,0.14285714285714285,-0.45336063427510154,-0.04426080653748716,-0.4991951844034982,-0.07487627959307448,0.25084750344257706,0.0,0.42857142857142855,0.4400996145588861,-0.42857142857142855,0.42857142857142855,-0.2533572830180208,0.0,0.0,0.0,-0.07402628018492687,0.5714285714285714,-0.42857142857142855,0.5714285714285714,0.0,-0.44785453587954094,0.14285714285714285,0.5714285714285714,0.0,0.41400334824011437,0.40547787702286964,0.14285714285714285,-0.5094850935395969,-0.4168608782307645
3,-0.20575053814740285,0.7142857142857142,0.011713440818780054,-0.4545543812301329,0.0,0.49685624897744335,-0.04097204550396866,0.7141312703985302,0.0,-0.5714285714285714,0.14038309396563778,0.14285714285714285,0.0,0.5115899361725583,-0.5714285714285714,0.0,0.0,0.14201114748615432,0.0,0.0,-0.014175665009915666,0.14285714285714285,0.11838959534911783,0.0,0.7142857142857142,-0.0740623595162882,-0.3375990487404114,0.0,-0.7142857142857142,-0.14285714285714285,0.7142857142857142,-0.7142857142857142,0.5714285714285714,0.0,0.0,0.0,-0.07113975380527898,0.0,-0.42857142857142855,0.0,0.0,-0.42857142857142855,-0.14285714285714285,0.0,0.0,0.0,-0.42857142857142855,0.0,-0.05994223516189249,0.7018361722398234
4,-0.2952384971607995,0.011713440818780054,0.7142857142857142,0.1014061256007351,0.14285714285714285,-0.531447350538555,-0.3076039217024038,0.056118007524499566,0.0,0.7142857142857142,0.11507798514543925,-0.14285714285714285,0.0,0.14285714285714285,0.0,0.5714285714285713,0.0,-0.10717531452369489,0.0,0.0,0.14285714285714285,0.0,0.0,0.14285714285714285,0.7142857142857142,0.7142857142857142,-0.045152939928932496,0.0,-0.5714285714285714,0.0,0.5714285714285714,0.0,0.0,0.0,0.0,0.0,0.14285714285714285,0.0,0.0,0.0,0.0,0.0,0.14285714285714285,0.0,0.0,-0.017041748414745938,0.03263752185607841,0.0,0.05656864929276037,0.5678492971423522
5,-0.4351896828649255,-0.4545543812301329,0.1014061256007351,0.7142857142857142,0.14285714285714285,0.5215062895120922,0.47403265027749003,0.1191611173800548,-0.14285714285714285,0.1423499561335044,-0.050795344956241294,0.14271716686675937,0.0,-0.1123501886160935,0.0,0.0,0.0,-0.14285714285714285,0.0,-0.5714285714285714,-0.5023741583272149,-0.14285714285714285,0.04277975158141498,0.7132390674468877,-0.612692179262071,0.14273351206017904,-0.6429818140859896,0.0,0.14285714285714285,-0.14285714285714285,-0.14285714285714285,0.0,0.14285714285714285,0.0,0.0,0.0,0.002664342524951975,0.0,0.7142857142857142,0.0,0.0,0.6569043481206126,0.14285714285714285,0.0,0.0,-0.042982384875831885,-0.43180634930707973,0.14285714285714285,0.13196078392274146,0.4905632026683027
6,0.14285714285714285,0.0,0.14285714285714285,0.14285714285714285,0.14285714285714285,0.0,0.14285714285714285,0.0,0.0,0.0,0.0,0.0,0.0,0.0,0.0,0.0,0.0,0.0,0.0,0.0,0.0,0.0,0.0,0.0,0.14285714285714285,0.0,0.0,0.0,0.0,0.0,0.0,0.0,0.0,0.0,0.0,0.0,0.0,0.0,0.0,0.0,0.0,0.0,0.0,0.0,0.0,-0.14285714285714285,0.14285714285714285,0.0,-0.14285714285714285,-0.14285714285714285
7,-0.2737580471643856,0.49685624897744335,-0.531447350538555,0.5215062895120922,0.0,0.7142857142857142,0.49149363389516354,0.2155784260232454,0.0,-0.19246589624942267,0.5663116639598463,-0.07721494487715337,0.0,0.1269226504433833,0.0,0.0,0.0,0.14280890914950928,0.0,0.0,-0.07610843234068289,0.0,-0.14285714285714285,0.42857142857142855,0.14285714285714285,-0.15138507849141378,0.3234199061995781,0.0,0.0,0.14285714285714285,0.0,0.0,0.0,0.0,0.0,0.0,-0.037292143806857435,0.0,0.0,0.0,0.0,0.0,-0.14285714285714285,0.0,0.0,-0.0692307111308829,0.6425167423178586,0.14285714285714285,-0.14285714285714285,-0.43498213996103247
8,-0.16299933178050705,-0.04097204550396866,-0.3076039217024038,0.47403265027749003,0.14285714285714285,0.49149363389516354,0.7142857142857142,-0.02812329299848679,0.42857142857142855,0.7142857142857142,-0.4303029194069157,-0.0735287616906458,0.0,0.1357462984999054,0.0,0.0,0.0,-0.14285714285714285,0.0,0.5714285714285714,0.4824082612071014,0.14285714285714285,0.0063960289349340674,0.500963047939369,-0.4953052029852288,-0.37567203325502857,0.5199453950837504,0.0,-0.14285714285714285,0.1428342226310972,0.14285714285714285,0.0,0.14285714285714285,0.0,0.0,0.0,-0.429360402107692,0.0,-0.14285714285714285,0.0,0.0,-0.14285714285714285,0.14285714285714285,0.0,0.0,-0.3102289132228858,0.7140489042524814,0.0,-0.07285257188507822,-0.017483047372726292
9,-0.12822616189835934,0.7141312703985302,0.056118007524499566,0.1191611173800548,0.0,0.2155784260232454,-0.02812329299848679,0.7142857142857142,0.0,-0.5714285714285714,0.7133427525426832,0.14285714285714285,0.0,0.524716665167077,0.0,0.0,0.0,0.14285714285714285,0.0,0.0,-0.14285714285714285,0.0,0.14285714285714285,0.1409786732922742,0.0,0.0,-0.5449912462461959,0.0,0.0,0.0,0.0,0.0,0.0,0.0,0.0,0.0,-0.14285714285714285,0.0,0.0,0.0,0.0,0.0,0.0,0.0,0.0,0.14285714285714285,0.13337524271852963,0.0,-0.14285714285714285,0.1344727638786153
11,-0.7142857142857142,0.0,0.0,-0.14285714285714285,0.0,0.0,0.42857142857142855,0.0,0.7142857142857142,0.0,-0.14285714285714285,0.0,0.0,0.0,0.0,0.0,0.0,0.0,0.0,0.0,0.0,0.0,0.0,0.0,0.0,0.0,0.0,0.0,0.0,0.0,0.0,0.0,-0.14285714285714285,0.0,0.0,0.0,0.0,0.0,0.0,0.0,0.0,0.0,0.0,0.0,0.0,0.0,0.0,0.0,0.0,-0.14285714285714285
12,0.6718969147985797,-0.5714285714285714,0.7142857142857142,0.1423499561335044,0.0,-0.19246589624942267,0.7142857142857142,-0.5714285714285714,0.0,0.7142857142857142,-0.42857142857142855,-0.14285714285714285,0.0,0.0,0.0,0.0,0.0,0.0,0.0,0.0,0.0,0.0,0.0,0.0,0.0,0.6975573390823718,0.6377288021625361,0.0,0.0,0.0,0.0,0.0,0.0,0.0,0.0,0.0,0.0,0.0,0.0,0.0,0.0,0.0,0.0,0.0,0.0,0.7142857142857142,0.0,0.14285714285714285,0.0,0.14285714285714285
13,-0.4991497841325729,0.14038309396563778,0.11507798514543925,-0.050795344956241294,0.0,0.5663116639598463,-0.4303029194069157,0.7133427525426832,-0.14285714285714285,-0.42857142857142855,0.7142857142857142,-0.14285714285714285,0.0,-0.49584189769614373,0.0,0.0,0.0,-0.040583492619280806,0.0,0.0,-0.1117498392782956,0.14285714285714285,0.14285714285714285,0.0,0.14285714285714285,-0.07297879348089671,-0.5408309563072049,0.0,-0.14285714285714285,0.0,0.14285714285714285,-0.14285714285714285,0.14285714285714285,0.0,0.0,0.0,-0.14285714285714285,0.0,0.0,0.0,0.0,0.0,-0.14285714285714285,0.0,0.0,0.14285714285714285,-0.1427465865582223,0.0,-0.058792753781203105,0.13125980294228262
14,0.6827319625227362,0.14285714285714285,-0.14285714285714285,0.14271716686675937,0.0,-0.07721494487715337,-0.0735287616906458,0.14285714285714285,0.0,-0.14285714285714285,-0.14285714285714285,0.7142857142857142,0.0,0.0,0.0,0.0,0.0,0.0,0.0,0.0,0.14285714285714285,0.0,0.0,0.7142857142857142,0.0,0.0,-0.07333528473431138,0.0,0.0,0.0,0.0,0.0,0.0,0.0,0.0,0.0,0.14285714285714285,0.0,0.0,0.5714285714285714,0.0,0.0,0.0,0.0,0.0,-0.14285714285714285,0.0,0.0,0.0,-0.14285714285714285
15,0.0,0.0,0.0,0.0,0.0,0.0,0.0,0.0,0.0,0.0,0.0,0.0,0.0,0.0,0.0,0.0,0.0,0.0,0.0,0.0,0.0,0.0,0.0,0.0,0.0,0.0,0.0,0.0,0.0,0.0,0.0,0.0,0.0,0.0,0.0,0.0,0.0,0.0,0.0,0.0,0.0,0.0,0.0,0.0,0.0,0.0,0.0,0.0,0.0,0.0
16,-0.6405693594927396,0.5115899361725583,0.14285714285714285,-0.1123501886160935,0.0,0.1269226504433833,0.1357462984999054,0.524716665167077,0.0,0.0,-0.49584189769614373,0.0,0.0,0.7142857142857142,0.0,0.0,0.0,0.14285714285714285,0.0,0.0,-0.13132658713074652,0.0,0.05054264118483327,0.0,0.0,-0.14285714285714285,-0.3714691750716419,0.0,0.0,0.14285714285714285,0.0,0.14285714285714285,0.0,0.0,0.0,0.0,-0.14285714285714285,0.0,-0.14285714285714285,0.0,0.0,-0.14285714285714285,0.0,0.0,0.0,0.0,0.0,0.0,-0.14285714285714285,0.14285714285714285
17,-0.5714285714285714,-0.5714285714285714,0.0,0.0,0.0,0.0,0.0,0.0,0.0,0.0,0.0,0.0,0.0,0.0,0.5714285714285714,0.0,0.0,0.0,0.0,0.0,0.0,0.0,0.0,0.0,0.0,0.0,0.0,0.0,0.0,0.0,0.0,0.0,0.0,0.0,0.0,0.0,0.0,0.0,0.0,0.0,0.0,0.0,0.0,0.0,0.0,0.0,0.0,0.0,0.0,0.0
18,-0.18704390591656486,0.0,0.5714285714285713,0.0,0.0,0.0,0.0,0.0,0.0,0.0,0.0,0.0,0.0,0.0,0.0,0.5714285714285714,0.0,0.0,0.0,0.0,0.0,0.0,0.5714285714285714,0.0,0.0,0.0,0.0,0.0,0.0,0.0,0.0,0.0,0.0,0.0,0.0,0.0,0.0,0.0,0.0,0.0,0.0,0.0,0.0,0.0,0.0,0.0,0.0,0.0,0.0,0.0
19,0.0,0.0,0.0,0.0,0.0,0.0,0.0,0.0,0.0,0.0,0.0,0.0,0.0,0.0,0.0,0.0,0.0,0.0,0.0,0.0,0.0,0.0,0.0,0.0,0.0,0.0,0.0,0.0,0.0,0.0,0.0,0.0,0.0,0.0,0.0,0.0,0.0,0.0,0.0,0.0,0.0,0.0,0.0,0.0,0.0,0.0,0.0,0.0,0.0,0.0
20,-0.08239470269935117,0.14201114748615432,-0.10717531452369489,-0.14285714285714285,0.0,0.14280890914950928,-0.14285714285714285,0.14285714285714285,0.0,0.0,-0.040583492619280806,0.0,0.0,0.14285714285714285,0.0,0.0,0.0,0.14285714285714285,0.0,0.0,-0.14285714285714285,0.0,0.0,0.0,0.0,-0.14285714285714285,0.1381740235019916,0.0,0.0,0.0,0.0,0.0,0.0,0.0,0.0,0.0,-0.14285714285714285,0.0,0.0,0.0,0.0,0.0,-0.14285714285714285,0.0,0.0,0.0,0.14285714285714285,0.0,-0.14285714285714285,0.14285714285714285
22,0.0,0.0,0.0,0.0,0.0,0.0,0.0,0.0,0.0,0.0,0.0,0.0,0.0,0.0,0.0,0.0,0.0,0.0,0.0,0.0,0.0,0.0,0.0,0.0,0.0,0.0,0.0,0.0,0.0,0.0,0.0,0.0,0.0,0.0,0.0,0.0,0.0,0.0,0.0,0.0,0.0,0.0,0.0,0.0,0.0,0.0,0.0,0.0,0.0,0.0
24,0.0,0.0,0.0,-0.5714285714285714,0.0,0.0,0.5714285714285714,0.0,0.0,0.0,0.0,0.0,0.0,0.0,0.0,0.0,0.0,0.0,0.0,0.5714285714285714,0.5714285714285714,0.0,0.0,0.0,0.0,0.0,0.0,0.0,0.0,0.0,0.0,0.0,0.0,0.0,0.0,0.0,0.0,0.0,0.0,0.0,0.0,0.0,0.0,0.0,0.0,0.0,0.0,0.0,0.0,0.0
25,0.000950441194807168,-0.014175665009915666,0.14285714285714285,-0.5023741583272149,0.0,-0.07610843234068289,0.4824082612071014,-0.14285714285714285,0.0,0.0,-0.1117498392782956,0.14285714285714285,0.0,-0.13132658713074652,0.0,0.0,0.0,-0.14285714285714285,0.0,0.5714285714285714,1.0,-0.14285714285714285,-0.09905360646879091,0.0,-0.14285714285714285,0.13359394533804572,-0.0799452962243386,0.0,0.14285714285714285,-0.14285714285714285,-0.14285714285714285,0.0,0.0,0.0,0.0,0.0,0.14168759005533285,0.0,0.14285714285714285,0.0,0.0,0.14285714285714285,0.14285714285714285,0.0,0.0,0.0,0.0,0.0,0.12709963345498856,-0.13865647943147624
28,0.14285714285714285,0.14285714285714285,0.0,-0.14285714285714285,0.0,0.0,0.14285714285714285,0.0,0.0,0.0,0.14285714285714285,0.0,0.0,0.0,0.0,0.0,0.0,0.0,0.0,0.0,-0.14285714285714285,0.14285714285714285,0.0,0.0,0.14285714285714285,-0.14285714285714285,0.0,0.0,-0.14285714285714285,0.0,0.14285714285714285,0.0,0.0,0.0,0.0,0.0,0.0,0.0,0.0,0.0,0.0,0.0,0.0,0.0,0.0,0.0,0.0,0.0,0.14285714285714285,0.14285714285714285
29,-0.45336063427510154,0.11838959534911783,0.0,0.04277975158141498,0.0,-0.14285714285714285,0.0063960289349340674,0.14285714285714285,0.0,0.0,0.14285714285714285,0.0,0.0,0.05054264118483327,0.0,0.5714285714285714,0.0,0.0,0.0,0.0,-0.09905360646879091,0.0,0.7142857142857142,0.0,0.0,-0.14285714285714285,-0.14285714285714285,0.0,0.0,-0.14285714285714285,0.0,0.0,0.0,0.0,0.0,0.0,-0.14285714285714285,0.0,0.14285714285714285,0.0,0.0,0.14285714285714285,0.0,0.0,0.0,0.0,0.0,0.0,-0.7142857142857142,0.14285714285714285
30,-0.04426080653748716,0.0,0.14285714285714285,0.7132390674468877,0.0,0.42857142857142855,0.500963047939369,0.1409786732922742,0.0,0.0,0.0,0.7142857142857142,0.0,0.0,0.0,0.0,0.0,0.0,0.0,0.0,0.0,0.0,0.0,0.7142857142857142,0.0,0.0,-0.42857142857142855,0.0,0.0,0.0,0.0,0.0,0.0,0.0,0.0,0.0,0.0,0.0,0.0,0.5714285714285714,0.0,0.0,0.0,0.0,0.0,-0.42857142857142855,-0.42857142857142855,0.0,0.0,0.14285714285714285
31,-0.4991951844034982,0.7142857142857142,0.7142857142857142,-0.612692179262071,0.14285714285714285,0.14285714285714285,-0.4953052029852288,0.0,0.0,0.0,0.14285714285714285,0.0,0.0,0.0,0.0,0.0,0.0,0.0,0.0,0.0,-0.14285714285714285,0.14285714285714285,0.0,0.0,0.7142857142857142,0.05949605359749911,0.0,0.0,-0.14285714285714285,-0.42857142857142855,0.14285714285714285,0.0,0.0,0.0,0.0,0.0,-0.14285714285714285,0.0,-0.5714285714285714,0.0,0.0,-0.5714285714285714,0.0,0.0,0.0,-0.14285714285714285,-0.42868619911610356,0.0,0.09720395997651063,0.12230597944997124
32,-0.07487627959307448,-0.0740623595162882,0.7142857142857142,0.14273351206017904,0.0,-0.15138507849141378,-0.37567203325502857,0.0,0.0,0.6975573390823718,-0.07297879348089671,0.0,0.0,-0.14285714285714285,0.0,0.0,0.0,-0.14285714285714285,0.0,0.0,0.13359394533804572,-0.14285714285714285,-0.14285714285714285,0.0,0.05949605359749911,0.7142857142857142,-0.14285714285714285,0.0,0.14285714285714285,0.14285714285714285,-0.14285714285714285,0.0,0.0,0.0,0.0,0.0,0.7140280773489868,0.0,0.0,0.0,0.0,-0.14285714285714285,0.14285714285714285,0.0,0.0,0.0,0.14285714285714285,0.14285714285714285,0.14196173195154296,-0.11748428817842255
33,0.25084750344257706,-0.3375990487404114,-0.045152939928932496,-0.6429818140859896,0.0,0.3234199061995781,0.5199453950837504,-0.5449912462461959,0.0,0.6377288021625361,-0.5408309563072049,-0.07333528473431138,0.0,-0.3714691750716419,0.0,0.0,0.0,0.1381740235019916,0.0,0.0,-0.0799452962243386,0.0,-0.14285714285714285,-0.42857142857142855,0.0,-0.14285714285714285,0.7142857142857142,0.0,0.0,0.0,0.0,0.0,0.0,0.0,0.0,0.0,-0.06417226961530063,0.0,0.0,-0.5714285714285714,0.0,0.0,-0.14285714285714285,0.0,0.0,0.7142857142857142,0.07103718427775468,0.0,-0.14285714285714285,0.1364617393981705
34,0.0,0.0,0.0,0.0,0.0,0.0,0.0,0.0,0.0,0.0,0.0,0.0,0.0,0.0,0.0,0.0,0.0,0.0,0.0,0.0,0.0,0.0,0.0,0.0,0.0,0.0,0.0,0.0,0.0,0.0,0.0,0.0,0.0,0.0,0.0,0.0,0.0,0.0,0.0,0.0,0.0,0.0,0.0,0.0,0.0,0.0,0.0,0.0,0.0,0.0
35,0.42857142857142855,-0.7142857142857142,-0.5714285714285714,0.14285714285714285,0.0,0.0,-0.14285714285714285,0.0,0.0,0.0,-0.14285714285714285,0.0,0.0,0.0,0.0,0.0,0.0,0.0,0.0,0.0,0.14285714285714285,-0.14285714285714285,0.0,0.0,-0.14285714285714285,0.14285714285714285,0.0,0.0,0.7142857142857142,0.0,-0.7142857142857142,0.0,0.0,0.0,0.0,0.0,0.0,0.0,0.0,0.0,0.0,0.0,0.0,0.0,0.0,0.0,0.0,0.0,-0.14285714285714285,-0.7142857142857142
36,0.4400996145588861,-0.14285714285714285,0.0,-0.14285714285714285,0.0,0.14285714285714285,0.1428342226310972,0.0,0.0,0.0,0.0,0.0,0.0,0.14285714285714285,0.0,0.0,0.0,0.0,0.0,0.0,-0.14285714285714285,0.0,-0.14285714285714285,0.0,-0.42857142857142855,0.14285714285714285,0.0,0.0,0.0,0.7142857142857142,0.0,0.0,0.0,0.0,0.0,0.0,0.14285714285714285,0.0,-0.14285714285714285,0.0,0.0,-0.14285714285714285,0.0,0.0,0.0,0.0,0.5714285714285714,0.0,0.0,0.0
37,-0.42857142857142855,0.7142857142857142,0.5714285714285714,-0.14285714285714285,0.0,0.0,0.14285714285714285,0.0,0.0,0.0,0.14285714285714285,0.0,0.0,0.0,0.0,0.0,0.0,0.0,0.0,0.0,-0.14285714285714285,0.14285714285714285,0.0,0.0,0.14285714285714285,-0.14285714285714285,0.0,0.0,-0.7142857142857142,0.0,0.7142857142857142,0.0,0.0,0.0,0.0,0.0,0.0,0.0,0.0,0.0,0.0,0.0,0.0,0.0,0.0,0.0,0.0,0.0,0.14285714285714285,0.7142857142857142
38,0.42857142857142855,-0.7142857142857142,0.0,0.0,0.0,0.0,0.0,0.0,0.0,0.0,-0.14285714285714285,0.0,0.0,0.14285714285714285,0.0,0.0,0.0,0.0,0.0,0.0,0.0,0.0,0.0,0.0,0.0,0.0,0.0,0.0,0.0,0.0,0.0,0.7142857142857142,0.0,0.0,0.0,0.0,0.0,0.0,0.0,0.0,0.0,0.0,0.0,0.0,0.0,0.0,0.0,0.0,0.0,0.0
39,-0.2533572830180208,0.5714285714285714,0.0,0.14285714285714285,0.0,0.0,0.14285714285714285,0.0,-0.14285714285714285,0.0,0.14285714285714285,0.0,0.0,0.0,0.0,0.0,0.0,0.0,0.0,0.0,0.0,0.0,0.0,0.0,0.0,0.0,0.0,0.0,0.0,0.0,0.0,0.0,0.7142857142857142,0.0,0.0,0.0,0.0,0.0,0.0,0.0,0.0,0.0,0.0,0.0,0.0,0.0,0.0,0.0,0.0,0.14285714285714285
40,0.0,0.0,0.0,0.0,0.0,0.0,0.0,0.0,0.0,0.0,0.0,0.0,0.0,0.0,0.0,0.0,0.0,0.0,0.0,0.0,0.0,0.0,0.0,0.0,0.0,0.0,0.0,0.0,0.0,0.0,0.0,0.0,0.0,0.0,0.0,0.0,0.0,0.0,0.0,0.0,0.0,0.0,0.0,0.0,0.0,0.0,0.0,0.0,0.0,0.0
41,0.0,0.0,0.0,0.0,0.0,0.0,0.0,0.0,0.0,0.0,0.0,0.0,0.0,0.0,0.0,0.0,0.0,0.0,0.0,0.0,0.0,0.0,0.0,0.0,0.0,0.0,0.0,0.0,0.0,0.0,0.0,0.0,0.0,0.0,0.0,0.0,0.0,0.0,0.0,0.0,0.0,0.0,0.0,0.0,0.0,0.0,0.0,0.0,0.0,0.0
42,0.0,0.0,0.0,0.0,0.0,0.0,0.0,0.0,0.0,0.0,0.0,0.0,0.0,0.0,0.0,0.0,0.0,0.0,0.0,0.0,0.0,0.0,0.0,0.0,0.0,0.0,0.0,0.0,0.0,0.0,0.0,0.0,0.0,0.0,0.0,0.5714285714285714,0.0,0.0,0.0,0.0,0.0,0.0,0.0,0.0,0.0,0.0,0.0,0.0,0.0,0.0
44,-0.07402628018492687,-0.07113975380527898,0.14285714285714285,0.002664342524951975,0.0,-0.037292143806857435,-0.429360402107692,-0.14285714285714285,0.0,0.0,-0.14285714285714285,0.14285714285714285,0.0,-0.14285714285714285,0.0,0.0,0.0,-0.14285714285714285,0.0,0.0,0.14168759005533285,0.0,-0.14285714285714285,0.0,-0.14285714285714285,0.7140280773489868,-0.06417226961530063,0.0,0.0,0.14285714285714285,0.0,0.0,0.0,0.0,0.0,0.0,0.7142857142857142,0.0,0.0,0.0,0.0,0.0,0.14285714285714285,0.0,0.0,0.0,-0.14285714285714285,0.0,0.14285714285714285,-0.14285714285714285
46,0.5714285714285714,0.0,0.0,0.0,0.0,0.0,0.0,0.0,0.0,0.0,0.0,0.0,0.0,0.0,0.0,0.0,0.0,0.0,0.0,0.0,0.0,0.0,0.0,0.0,0.0,0.0,0.0,0.0,0.0,0.0,0.0,0.0,0.0,0.0,0.0,0.0,0.0,0.5714285714285714,0.0,0.0,0.0,0.0,0.0,0.0,0.0,0.0,-0.5714285714285714,0.0,0.0,0.0
47,-0.42857142857142855,-0.42857142857142855,0.0,0.7142857142857142,0.0,0.0,-0.14285714285714285,0.0,0.0,0.0,0.0,0.0,0.0,-0.14285714285714285,0.0,0.0,0.0,0.0,0.0,0.0,0.14285714285714285,0.0,0.14285714285714285,0.0,-0.5714285714285714,0.0,0.0,0.0,0.0,-0.14285714285714285,0.0,0.0,0.0,0.0,0.0,0.0,0.0,0.0,0.7142857142857142,0.0,0.0,0.7142857142857142,0.0,0.0,0.0,0.0,0.0,0.0,0.0,0.0
48,0.5714285714285714,0.0,0.0,0.0,0.0,0.0,0.0,0.0,0.0,0.0,0.0,0.5714285714285714,0.0,0.0,0.0,0.0,0.0,0.0,0.0,0.0,0.0,0.0,0.0,0.5714285714285714,0.0,0.0,-0.5714285714285714,0.0,0.0,0.0,0.0,0.0,0.0,0.0,0.0,0.0,0.0,0.0,0.0,0.5714285714285714,0.0,0.0,0.0,0.0,0.0,0.0,0.0,0.0,0.0,0.0
49,0.0,0.0,0.0,0.0,0.0,0.0,0.0,0.0,0.0,0.0,0.0,0.0,0.0,0.0,0.0,0.0,0.0,0.0,0.0,0.0,0.0,0.0,0.0,0.0,0.0,0.0,0.0,0.0,0.0,0.0,0.0,0.0,0.0,0.0,0.0,0.0,0.0,0.0,0.0,0.0,0.5714285714285714,0.0,0.0,0.0,0.0,0.0,0.0,0.0,0.0,0.0
50,-0.44785453587954094,-0.42857142857142855,0.0,0.6569043481206126,0.0,0.0,-0.14285714285714285,0.0,0.0,0.0,0.0,0.0,0.0,-0.14285714285714285,0.0,0.0,0.0,0.0,0.0,0.0,0.14285714285714285,0.0,0.14285714285714285,0.0,-0.5714285714285714,-0.14285714285714285,0.0,0.0,0.0,-0.14285714285714285,0.0,0.0,0.0,0.0,0.0,0.0,0.0,0.0,0.7142857142857142,0.0,0.0,0.7142857142857142,0.0,0.0,0.0,0.0,0.0,0.0,0.0,0.0
51,0.14285714285714285,-0.14285714285714285,0.14285714285714285,0.14285714285714285,0.0,-0.14285714285714285,0.14285714285714285,0.0,0.0,0.0,-0.14285714285714285,0.0,0.0,0.0,0.0,0.0,0.0,-0.14285714285714285,0.0,0.0,0.14285714285714285,0.0,0.0,0.0,0.0,0.14285714285714285,-0.14285714285714285,0.0,0.0,0.0,0.0,0.0,0.0,0.0,0.0,0.0,0.14285714285714285,0.0,0.0,0.0,0.0,0.0,0.14285714285714285,0.0,0.0,0.0,0.0,0.0,0.14285714285714285,-0.14285714285714285
52,0.5714285714285714,0.0,0.0,0.0,0.0,0.0,0.0,0.0,0.0,0.0,0.0,0.0,0.0,0.0,0.0,0.0,0.0,0.0,0.0,0.0,0.0,0.0,0.0,0.0,0.0,0.0,0.0,0.0,0.0,0.0,0.0,0.0,0.0,0.0,0.0,0.0,0.0,0.0,0.0,0.0,0.0,0.0,0.0,0.5714285714285714,0.0,0.0,0.0,0.0,0.0,0.0
53,0.0,0.0,0.0,0.0,0.0,0.0,0.0,0.0,0.0,0.0,0.0,0.0,0.0,0.0,0.0,0.0,0.0,0.0,0.0,0.0,0.0,0.0,0.0,0.0,0.0,0.0,0.0,0.0,0.0,0.0,0.0,0.0,0.0,0.0,0.0,0.0,0.0,0.0,0.0,0.0,0.0,0.0,0.0,0.0,0.5714285714285714,0.0,0.0,0.0,0.0,0.0
54,0.41400334824011437,0.0,-0.017041748414745938,-0.042982384875831885,-0.14285714285714285,-0.0692307111308829,-0.3102289132228858,0.14285714285714285,0.0,0.7142857142857142,0.14285714285714285,-0.14285714285714285,0.0,0.0,0.0,0.0,0.0,0.0,0.0,0.0,0.0,0.0,0.0,-0.42857142857142855,-0.14285714285714285,0.0,0.7142857142857142,0.0,0.0,0.0,0.0,0.0,0.0,0.0,0.0,0.0,0.0,0.0,0.0,0.0,0.0,0.0,0.0,0.0,0.0,0.7142857142857142,-0.07083744627887496,0.0,0.14285714285714285,0.674162391800158
55,0.40547787702286964,-0.42857142857142855,0.03263752185607841,-0.43180634930707973,0.14285714285714285,0.6425167423178586,0.7140489042524814,0.13337524271852963,0.0,0.0,-0.1427465865582223,0.0,0.0,0.0,0.0,0.0,0.0,0.14285714285714285,0.0,0.0,0.0,0.0,0.0,-0.42857142857142855,-0.42868619911610356,0.14285714285714285,0.07103718427775468,0.0,0.0,0.5714285714285714,0.0,0.0,0.0,0.0,0.0,0.0,-0.14285714285714285,-0.5714285714285714,0.0,0.0,0.0,0.0,0.0,0.0,0.0,-0.07083744627887496,0.7142857142857142,0.0,-0.14285714285714285,0.03526172590051873
56,0.14285714285714285,0.0,0.0,0.14285714285714285,0.0,0.14285714285714285,0.0,0.0,0.0,0.14285714285714285,0.0,0.0,0.0,0.0,0.0,0.0,0.0,0.0,0.0,0.0,0.0,0.0,0.0,0.0,0.0,0.14285714285714285,0.0,0.0,0.0,0.0,0.0,0.0,0.0,0.0,0.0,0.0,0.0,0.0,0.0,0.0,0.0,0.0,0.0,0.0,0.0,0.0,0.0,0.7142857142857142,0.0,0.0
57,-0.5094850935395969,-0.05994223516189249,0.05656864929276037,0.13196078392274146,-0.14285714285714285,-0.14285714285714285,-0.07285257188507822,-0.14285714285714285,0.0,0.0,-0.058792753781203105,0.0,0.0,-0.14285714285714285,0.0,0.0,0.0,-0.14285714285714285,0.0,0.0,0.12709963345498856,0.14285714285714285,-0.7142857142857142,0.0,0.09720395997651063,0.14196173195154296,-0.14285714285714285,0.0,-0.14285714285714285,0.0,0.14285714285714285,0.0,0.0,0.0,0.0,0.0,0.14285714285714285,0.0,0.0,0.0,0.0,0.0,0.14285714285714285,0.0,0.0,0.14285714285714285,-0.14285714285714285,0.0,0.7142857142857142,-0.08404828489501963
58,-0.4168608782307645,0.7018361722398234,0.5678492971423522,0.4905632026683027,-0.14285714285714285,-0.43498213996103247,-0.017483047372726292,0.1344727638786153,-0.14285714285714285,0.14285714285714285,0.13125980294228262,-0.14285714285714285,0.0,0.14285714285714285,0.0,0.0,0.0,0.14285714285714285,0.0,0.0,-0.13865647943147624,0.14285714285714285,0.14285714285714285,0.14285714285714285,0.12230597944997124,-0.11748428817842255,0.1364617393981705,0.0,-0.7142857142857142,0.0,0.7142857142857142,0.0,0.14285714285714285,0.0,0.0,0.0,-0.14285714285714285,0.0,0.0,0.0,0.0,0.0,-0.14285714285714285,0.0,0.0,0.674162391800158,0.03526172590051873,0.0,-0.08404828489501963,0.7142857142857142
